 id | shift_id |    date    | qty  | delivery_qty | product_id 
----+----------+------------+------+--------------+------------
  2 |        4 | 2019-03-05 |   69 |            0 |          2
  3 |        4 | 2019-03-05 |  160 |            0 |          3
  4 |        4 | 2019-03-05 |    0 |            0 |          4
  5 |        4 | 2019-03-05 |  223 |            0 |          5
  6 |        4 | 2019-03-05 |    8 |            0 |          6
  7 |        4 | 2019-03-05 |   31 |            0 |          7
  8 |        4 | 2019-03-05 |    3 |            0 |          8
  9 |        4 | 2019-03-05 |   24 |            0 |          9
 10 |        4 | 2019-03-05 |   13 |            0 |         10
 11 |        4 | 2019-03-05 |   27 |            0 |         11
 12 |        4 | 2019-03-05 |    7 |            0 |         12
 13 |        4 | 2019-03-05 |    5 |            0 |         13
 15 |        5 | 2019-03-06 | 69.0 |          0.0 |          2
 17 |        5 | 2019-03-06 |  0.0 |          0.0 |          4
 19 |        5 | 2019-03-06 |  8.0 |          0.0 |          6
 21 |        5 | 2019-03-06 |  3.0 |          0.0 |          8
 23 |        5 | 2019-03-06 | 13.0 |          0.0 |         10
 24 |        5 | 2019-03-06 | 27.0 |          0.0 |         11
 25 |        5 | 2019-03-06 |  7.0 |          0.0 |         12
 26 |        5 | 2019-03-06 |  5.0 |          0.0 |         13
 16 |        5 | 2019-03-06 |  158 |          0.0 |          3
 18 |        5 | 2019-03-06 |  221 |          0.0 |          5
 20 |        5 | 2019-03-06 |   29 |          0.0 |          7
 22 |        5 | 2019-03-06 |   23 |          0.0 |          9
 14 |        5 | 2019-03-06 |  147 |          0.0 |          1
  1 |        4 | 2019-03-05 |  158 |            0 |          1
 27 |        4 | 2019-03-05 |    1 |            0 |         14
(27 rows)

